# integers m in [2, 200000) that occur in NO representation of 1 as a sum of 8 distinct unit fractions
# (from the full enumeration of all 151182379 representations; ef_enum.c, 2026-09-19)
27539
32411
33647
34919
35279
37199
38447
38729
38803
39233
39239
39709
42239
42839
42989
43019
43391
43499
43951
44131
44483
45179
45281
45599
46199
50231
50441
51217
51691
51971
52957
53093
53239
53294
53479
53507
53759
54101
54133
54787
54799
54962
55313
55339
55547
55619
55691
55799
55807
55922
56081
56269
56533
56671
56713
57259
57283
57287
58543
58574
59159
60899
61091
61169
61253
61357
61723
61879
62533
62971
63067
63587
63611
63617
63689
63737
63761
63803
63839
64817
65179
65203
65419
65587
65617
65719
66109
66191
66347
66383
66467
66533
66587
66763
67807
67891
67931
67979
68171
68879
68947
69019
69119
69197
69203
69239
69257
69262
69929
69997
70001
70039
70117
70199
70207
70271
70451
70459
70537
70549
70573
70619
70657
70678
70709
70729
70783
70891
70957
70979
70991
70997
70999
71011
71081
71089
71129
71161
71263
71339
71387
71399
71411
71413
71419
71647
71671
71787
71807
71879
71881
71887
71971
71987
71993
71999
73127
73189
73523
73751
73867
73877
74047
74093
74141
74219
74377
74398
74453
74509
74527
74611
74623
74699
74873
74891
74923
74929
75479
75539
75641
75683
75742
75781
75869
75883
76099
76163
76249
76303
76421
76481
76579
76607
76733
76742
76961
76991
77017
77023
77137
77201
77237
77243
77279
77291
77306
77417
77458
77471
77477
77479
77509
77543
77549
77573
77773
77863
77933
78137
78233
78238
78517
79379
79967
80783
81119
81307
81353
81463
81509
81569
81707
81899
81953
81971
82193
82207
82457
82466
82613
82757
82763
82847
82891
82939
83047
83063
83093
83117
83137
83158
83267
83401
83443
83579
83737
83891
83903
83933
83969
83998
84017
84143
84166
84239
84247
84262
84319
84347
84407
84454
84463
84503
84614
84653
84713
84719
84731
84761
84857
85027
85103
85223
85247
85259
85297
85361
85363
85427
85571
85627
85667
85669
85847
85853
85903
85909
86077
86171
86179
86183
86239
86477
86509
86587
87293
87299
87359
87719
87853
87881
87943
88007
88079
88223
88262
88289
88327
88339
88379
88397
88423
88427
88469
88523
88526
88558
88591
88609
88853
89203
89363
89381
89443
89458
89477
89491
89567
89597
89599
89638
89753
89849
89899
89917
90059
90089
90149
90173
90247
90353
90359
90397
90403
90439
90931
90947
91097
91151
91198
91303
91433
91453
91457
91474
91499
91591
91738
91909
91943
91969
92003
92051
92077
92206
92227
92237
92347
92363
92369
92381
92399
92507
92551
92557
92623
92627
92683
92717
92779
92789
92809
92894
92899
92941
92951
92957
92959
92987
93047
93089
93097
93103
93113
93133
93134
93151
93179
93202
93229
93253
93283
93371
93383
93407
93497
93553
93557
93559
93581
93637
93683
93719
93739
93761
93887
93889
93893
93901
93923
93949
93983
94033
94063
94102
94109
94111
94219
94222
94238
94286
94291
94309
94322
94331
94397
94414
94421
94427
94463
94559
94579
94594
94651
94709
94723
94727
94771
94778
94789
94793
94811
94823
94837
94849
94907
94918
94961
95063
95093
95107
95126
95153
95177
95191
95218
95219
95231
95261
95279
95311
95317
95369
95383
95393
95419
95479
95531
95558
95561
95597
95603
95621
95629
95686
95707
95713
95714
95737
95773
95957
96043
96059
96149
96157
96289
96323
96351
96358
96419
96431
96451
96469
96479
96542
96557
96587
96589
96703
96742
96763
96779
96794
96851
96857
96907
96973
97001
97078
97151
97157
97187
97231
97289
97322
97379
97387
97453
97459
97463
97466
97511
97571
97577
97579
97583
97607
97943
98143
98213
98297
98323
98369
98411
98429
98563
98573
98627
98639
98689
98779
98809
98837
98867
98893
98899
98926
99017
99023
99089
99103
99119
99137
99139
99206
99257
99259
99347
99367
99377
99391
99439
99478
99487
99497
99527
99559
99563
99623
99653
99709
99733
99767
99809
99817
99838
100129
100271
100343
100391
100417
100469
100483
100493
100501
100519
100523
100547
100559
100563
100609
100642
100931
100957
101089
101098
101107
101111
101141
101149
101173
101323
101467
101789
101797
101839
101863
101879
101917
101963
102019
102059
102086
102191
102199
102217
102329
102359
102451
102461
102523
102559
102611
102653
102701
103319
103409
103442
103529
103567
103651
103687
103801
104087
104089
104107
104149
104173
104179
104183
104287
104381
104383
104393
104399
104513
104639
104677
104683
104711
104717
104759
104761
104779
104789
104801
104869
104891
104917
104999
105031
105167
105211
105227
105251
105254
105269
105331
105334
105359
105361
105373
105397
105449
105499
105517
105527
105533
105563
105613
105619
105653
105761
105829
105874
105895
105907
105971
105977
105983
106031
106033
106087
106123
106163
106189
106217
106279
106319
106321
106322
106331
106391
106411
106417
106433
106441
106501
106537
106541
106621
106627
106646
106649
106669
106693
106699
106727
106751
106753
106781
106783
106787
106853
106867
106949
106993
107077
107089
107099
107119
107123
107251
107269
107507
107509
107518
107599
107603
107609
107621
107857
107873
107972
108011
108023
108041
108107
108139
108187
108217
108223
108233
108247
108271
108457
108517
108527
108553
108557
108637
108677
108707
108799
108821
108827
108869
108877
108883
108887
108898
108949
108967
108998
109001
109097
109103
109147
109159
109211
109294
109313
109321
109331
109358
109367
109379
109387
109397
109423
109433
109451
109453
109491
109507
109517
109519
109534
109537
109541
109579
109589
109597
109598
109619
109741
109793
109807
109847
109882
109897
109903
110017
110023
110083
110129
110146
110183
110218
110269
110273
110283
110291
110431
110438
110458
110479
110501
110503
110527
110927
110939
110989
111002
111029
111119
111127
111143
111149
111217
111229
111271
111317
111323
111341
111431
111434
111439
111442
111443
111466
111487
111497
111533
111577
111581
111637
111646
111659
111697
111751
111773
111791
111799
111829
111893
111898
111905
111913
111919
111927
111949
111959
112061
112067
112103
112129
112207
112261
112279
112289
112303
112339
112361
112363
112459
112474
112577
112583
112603
112621
112633
112643
112663
112687
112691
112771
112787
112799
112834
112859
112877
112901
112921
112927
112939
112967
112979
113011
113017
113027
113039
113062
113083
113087
113093
113123
113131
113153
113182
113189
113209
113279
113417
113467
113621
113623
113717
113719
113731
113783
113819
113843
113891
113899
113903
113921
113957
113963
113998
114007
114073
114077
114083
114154
114157
114167
114221
114269
114371
114406
114407
114473
114502
114547
114593
114613
114658
114659
114671
114693
114743
114766
114769
114809
114826
114827
114847
114859
114889
114901
114951
114967
115013
115067
115079
115113
115123
115151
115153
115163
115186
115237
115259
115279
115769
115823
115894
115979
116027
116167
116351
116471
116537
116542
116639
116681
116707
116719
116731
116789
116791
116797
116819
116833
116843
116849
116867
116927
116933
116953
116993
117101
117259
117671
117731
117779
117833
117841
117851
117883
117889
117979
118169
118213
118247
118253
118571
118673
118787
118799
118831
118843
118861
118901
118927
119039
119047
119069
119083
119087
119089
119101
119129
119159
119173
119237
119321
119389
119397
119419
119503
119513
119557
119591
119627
119631
119653
119671
119687
119723
119741
119759
119773
119783
119809
119839
119849
119869
119923
119942
119963
119993
120067
120082
120093
120103
120116
120167
120181
120202
120209
120223
120277
120278
120283
120319
120331
120371
120383
120397
120427
120473
120514
120539
120551
120553
120563
120577
120823
120899
120997
121061
121169
121189
121291
121313
121367
121369
121378
121507
121531
121559
121571
121577
121721
121763
121889
122021
122027
122053
122081
122099
122173
122207
122219
122231
122263
122399
122411
122422
122503
122533
122597
122719
122806
122833
122887
122891
123059
123323
123661
123931
124087
124123
124139
124142
124171
124183
124213
124247
124438
124459
124529
124541
124598
124646
124669
124699
124717
124721
124769
124771
124777
124783
124897
124909
124919
124931
124966
124979
124981
124991
125003
125017
125119
125126
125131
125141
125183
125201
125219
125231
125261
125266
125353
125393
125399
125423
125509
125551
125591
125683
125693
125711
125731
125789
125791
125803
125813
125863
125887
125897
125899
125921
125933
125941
125945
125959
125963
126011
126019
126023
126031
126079
126097
126107
126211
126213
126223
126227
126251
126311
126349
126359
126397
126433
126461
126493
126535
126551
126554
126653
126719
126733
126739
126751
126757
126761
126827
126839
126857
126859
126913
126923
126926
126943
126961
126974
127031
127037
127118
127123
127147
127157
127163
127178
127189
127343
127363
127373
127403
127423
127438
127481
127486
127487
127507
127559
127583
127591
127607
127637
127649
127663
127669
127679
127691
127693
127703
127709
127726
127733
127739
127763
127817
127819
127843
127877
127931
127951
127973
127979
127997
128021
128038
128099
128113
128126
128153
128162
128182
128189
128201
128211
128213
128221
128239
128287
128308
128327
128339
128347
128389
128399
128411
128413
128461
128473
128477
128517
128519
128549
128559
128591
128603
128693
128732
128798
128837
128861
128879
128941
128951
128966
128967
128969
128987
128998
129057
129083
129089
129106
129119
129127
129187
129193
129209
129218
129223
129247
129263
129326
129334
129351
129358
129401
129407
129439
129449
129461
129469
129491
129497
129517
129539
129553
129587
129589
129593
129607
129629
129706
129707
129719
129733
129737
129749
129758
129763
129764
129769
129793
129803
129887
129893
129917
129919
129937
130003
130027
130073
130079
130127
130147
130183
130197
130238
130259
130267
130618
130787
130898
130973
131111
131143
131231
131249
131311
131317
131357
131441
131479
131507
131519
131543
131662
131687
131701
131731
131759
131771
131777
131779
131819
131861
131891
131899
131939
131962
131969
132019
132047
132059
132074
132157
132173
132177
132229
132233
132247
132257
132331
132338
132347
132367
132371
132403
132421
132437
132439
132491
132533
132586
132589
132619
132631
132647
132679
132707
132751
132761
132789
132833
132851
132857
132863
132911
133277
133379
133451
133481
133541
133597
133753
133811
133873
133894
133901
133949
133979
134047
134053
134087
134129
134153
134171
134219
134287
134293
134353
134363
134369
134471
134489
134581
134587
134669
134677
134699
134738
134741
134753
134798
134807
134818
134873
134921
135017
135059
135077
135158
135173
135181
135197
135231
135257
135271
135277
135281
135319
135329
135349
135446
135449
135461
135479
135497
135533
135593
135607
135613
135617
135637
135649
135701
135719
135727
135731
135734
135741
135777
135781
135791
135843
135867
135937
135951
136057
136069
136099
136111
136127
136139
136174
136189
136193
136247
136277
136303
136309
136333
136361
136379
136397
136399
136403
136421
136429
136453
136478
136483
136523
136559
136589
136601
136603
136651
136657
136693
136702
136707
136727
136739
136751
136769
136777
136778
136813
136841
136849
136879
136883
136889
136897
136898
136943
136946
136963
136973
137002
137087
137117
137147
137153
137231
137279
137321
137369
137387
137398
137437
137453
137483
137491
137507
137537
137573
137591
137597
137633
137639
137642
137653
137659
137707
137927
137933
138007
138071
138311
138323
138401
138449
138494
138497
138511
138571
138577
138587
138629
138641
138661
138671
138727
138793
138821
138829
138883
138893
138917
138923
138959
139091
139109
139199
139297
139303
139313
139333
139339
139343
139423
139439
139459
139493
139511
139571
139589
139603
139663
139694
139703
139709
139714
139729
139822
139901
139907
139939
139943
139947
139967
139969
139981
140009
140057
140069
140143
140159
140177
140197
140204
140207
140237
140314
140326
140339
140341
140363
140411
140423
140433
140474
140477
140521
140533
140542
140587
140603
140639
140683
140689
140717
140729
140731
140741
140746
140759
140779
140827
140831
140846
140858
140863
140867
140873
140891
140902
140909
140939
140962
140978
140989
141058
141074
141101
141131
141146
141157
141161
141179
141187
141214
141223
141238
141241
141242
141254
141261
141314
141343
141353
141356
141359
141369
141371
141391
141397
141413
141439
141443
141447
141461
141511
141539
141551
141566
141567
141619
141621
141623
141629
141649
141653
141667
141679
141683
141697
141698
141706
141707
141721
141731
141734
141761
141767
141803
141811
141826
141833
141847
141853
141874
141879
141907
141917
141931
141959
141982
141991
142067
142118
142151
142159
142162
142169
142189
142193
142211
142229
142231
142238
142251
142258
142271
142319
142322
142327
142342
142357
142377
142391
142403
142433
142453
142469
142491
142539
142543
142547
142553
142559
142574
142589
142607
142609
142657
142673
142697
142699
142757
142773
142789
142795
142797
142798
142811
142838
142867
142869
142871
142873
142874
142886
142897
142903
142939
142946
142949
142957
142963
143053
143063
143098
143111
143113
143141
143188
143197
143203
143212
143971
144086
144451
144511
144539
144563
144629
144659
144751
144773
144817
144829
144847
144862
144887
144899
144917
145007
145031
145037
145133
145139
145193
145207
145307
145381
145389
145451
145459
145463
145471
145487
145501
145529
145577
145643
145679
145681
145759
145766
145777
145819
145822
145897
145967
145983
145987
145991
146009
146063
146117
146141
146191
146199
146239
146249
146282
146323
146347
146381
146383
146389
146407
146437
146474
146563
146581
146617
146639
146669
146677
146681
146683
146702
146738
146807
146819
146849
146857
146879
146891
146921
146933
146987
147029
147073
147083
147089
147097
147099
147151
147197
147209
147214
147218
147221
147227
147229
147253
147274
147293
147358
147377
147391
147409
147419
147449
147451
147457
147481
147487
147502
147503
147547
147551
147557
147607
147617
147629
147638
147659
147661
147673
147698
147743
147761
147779
147783
147787
147793
147811
147814
147827
147853
147859
147947
147993
148123
148139
148142
148147
148153
148186
148199
148298
148301
148361
148381
148389
148399
148403
148418
148469
148531
148549
148558
148573
148609
148627
148633
148639
148667
148706
148714
148726
148727
148747
148762
148763
148781
148783
148822
148843
148853
148859
148861
148927
148991
148997
149011
149018
149021
149053
149057
149069
149077
149113
149143
149153
149173
149197
149213
149239
149249
149252
149269
149287
149288
149306
149309
149323
149333
149365
149371
149411
149414
149417
149419
149441
149462
149483
149491
149519
149531
149533
149542
149543
149551
149579
149603
149629
149657
149662
149713
149729
149749
149759
149771
149788
149794
149846
149867
149873
149882
149893
149899
149939
149953
149969
149992
149993
150011
150053
150131
150203
150211
150217
150239
150287
150298
150301
150303
150323
150343
150373
150377
150427
150431
150434
150446
150506
150533
150538
150551
150559
150578
150599
150607
150649
150694
150707
150743
150779
150782
150791
150827
150847
150861
150883
150889
150907
150919
150949
150958
150967
150987
150991
151007
151013
151022
151023
151027
151042
151049
151057
151066
151082
151091
151093
151106
151132
151169
151171
151233
151247
151273
151279
151282
151289
151303
151318
151366
151378
151379
151381
151388
151391
151397
151429
151433
151451
151477
151483
151507
151517
151523
151549
151561
151562
151573
151586
151603
151631
151643
151653
151667
151687
151693
151699
151703
151717
151733
151738
151783
151787
151799
151813
151817
151841
151871
151882
151897
151937
151939
151978
151982
151994
152017
152029
152039
152062
152063
152069
152077
152078
152083
152093
152158
152169
152183
152189
152197
152203
152227
152231
152239
152246
152249
152261
152293
152311
152319
152326
152331
152363
152367
152377
152389
152407
152417
152419
152429
152441
152452
152455
152459
152506
152519
152533
152566
152578
152597
152599
152606
152612
152623
152639
152666
152671
152681
152723
152738
152753
152758
152791
152819
152837
152839
152842
152843
152863
152899
152909
152939
152947
152953
152967
152981
152993
153014
153053
153059
153067
153074
153086
153107
153113
153133
153137
153151
153158
153163
153179
153191
153193
153194
153206
153247
153259
153313
153319
153334
153337
153343
153346
153359
153371
153379
153394
153409
153411
153421
153437
153466
153508
153509
153533
153557
153589
153591
153611
153623
153687
153719
153733
153743
153746
153749
153757
153814
153823
153871
153877
153886
153887
153913
153929
153931
153953
153982
153991
154027
154029
154041
154043
154047
154061
154079
154081
154082
154083
154091
154094
154127
154138
154153
154159
154181
154183
154199
154202
154211
154213
154218
154263
154274
154303
154313
154321
154333
154339
154342
154369
154373
154387
154402
154409
154417
154419
154423
154426
154437
154439
154447
154459
154471
154478
154486
154498
154501
154523
154543
154582
154612
154621
154643
154667
154669
154681
154691
154694
154718
154751
154769
154787
154789
154796
154797
154799
154807
154849
154873
154877
154894
154897
154911
154916
154927
154937
154954
154967
155017
155018
155026
155027
155037
155047
155054
155081
155114
155119
155126
155137
155138
155146
155163
155174
155182
155201
155203
155209
155231
155299
155301
155303
155307
155327
155371
155381
155383
155387
155399
155413
155422
155423
155438
155446
155447
155461
155468
155509
155537
155539
155549
155557
155564
155566
155579
155581
155599
155603
155605
155607
155609
155627
155657
155689
155693
155699
155717
155723
155747
155773
155783
155797
155801
155812
155831
155833
155851
155861
155863
155867
155887
155893
155902
155931
155938
155999
156007
156019
156027
156041
156062
156071
156097
156098
156102
156109
156119
156127
156151
156153
156155
156253
156259
156278
156307
156319
156326
156329
156353
156358
156371
156385
156419
156437
156449
156458
156479
156487
156539
156554
156566
156589
156614
156619
156631
156659
156667
156679
156683
156691
156707
156722
156733
156734
156749
156775
156797
156799
156841
156873
156878
156887
156899
156901
156932
156935
156939
156943
156964
156967
156971
156994
157007
157034
157037
157049
157051
157061
157078
157103
157106
157351
157606
157667
157721
157769
157771
157813
157823
157877
158009
158029
158071
158078
158129
158141
158143
158174
158227
158233
158269
158294
158318
158329
158351
158357
158359
158374
158393
158407
158462
158489
158507
158519
158537
158546
158558
158563
158573
158591
158617
158637
158638
158657
158693
158699
158749
158759
158777
158791
158803
158863
158881
158909
158927
158959
158981
159009
159013
159051
159073
159118
159157
159161
159169
159179
159191
159223
159227
159287
159293
159314
159319
159337
159349
159361
159382
159386
159387
159389
159403
159407
159421
159437
159455
159473
159491
159499
159538
159539
159553
159626
159629
159631
159667
159671
159673
159697
159701
159737
159746
159763
159767
159781
159793
159799
159806
159807
159811
159814
159839
159871
159878
159899
159911
159994
160001
160019
160031
160049
160079
160091
160093
160102
160117
160157
160159
160183
160243
160253
160306
160313
160319
160334
160343
160348
160354
160367
160387
160409
160423
160437
160441
160442
160462
160481
160483
160499
160502
160516
160541
160553
160574
160577
160583
160591
160619
160621
160627
160637
160649
160658
160663
160676
160687
160694
160709
160711
160723
160739
160751
160753
160789
160791
160799
160807
160817
160829
160841
160851
160858
160879
160883
160894
160933
160967
160969
160978
160981
161033
161039
161059
161087
161093
161114
161137
161141
161149
161167
161206
161258
161277
161303
161314
161319
161333
161363
161366
161377
161387
161401
161411
161453
161459
161461
161493
161503
161521
161554
161561
161563
161566
161573
161599
161606
161611
161627
161639
161641
161659
161683
161691
161729
161731
161771
161794
161813
161818
161839
161846
161858
161873
161881
161899
161905
161911
161921
161923
161947
161957
161958
161961
161971
161978
161983
161999
162011
162017
162028
162033
162034
162062
162076
162091
162119
162157
162209
162221
162251
162257
162263
162269
162287
162293
162314
162329
162335
162359
162389
162391
162406
162413
162419
162439
162457
162473
162493
162517
162521
162529
162562
162563
162566
162577
162579
162593
162623
162629
162641
162662
162667
162686
162698
162703
162709
162718
162731
162733
162739
162742
162746
162749
162787
162788
162823
162829
162831
162839
162853
162881
162895
162914
162917
162923
162933
162937
162971
162973
162989
163003
163018
163019
163027
163054
163063
163106
163109
163117
163138
163169
163192
163193
163211
163222
163223
163227
163238
163243
163249
163258
163259
163274
163307
163309
163337
163347
163363
163367
163403
163406
163409
163411
163414
163417
163469
163538
163543
163546
163567
163613
163621
163637
163643
163673
163678
163697
163721
163729
163733
163766
163771
163781
163796
163798
163811
163838
163847
163853
163861
163871
163874
163886
163893
163901
163909
163927
163939
163941
163957
163979
163981
163987
163991
163993
163997
164006
164026
164051
164057
164074
164117
164134
164139
164147
164149
164155
164173
164183
164191
164195
164204
164209
164233
164239
164251
164257
164261
164279
164281
164287
164291
164309
164317
164319
164321
164357
164361
164377
164413
164419
164429
164449
164462
164471
164482
164499
164503
164513
164531
164557
164558
164569
164572
164599
164614
164621
164653
164663
164677
164678
164713
164729
164743
164751
164767
164774
164789
164797
164831
164837
164839
164877
164998
165118
165161
165181
165203
165247
165266
165311
165317
165343
165349
165367
165379
165383
165391
165409
165446
165449
165457
165458
165463
165469
165479
165511
165518
165526
165553
165562
165587
165598
165653
165674
165703
165707
165709
165713
165721
165778
165779
165782
165806
165811
165821
165833
165839
165877
165878
165883
165887
165931
165941
165947
165973
165983
165994
166018
166021
166043
166053
166063
166099
166147
166151
166157
166169
166172
166178
166207
166219
166233
166237
166247
166259
166261
166289
166319
166351
166372
166393
166399
166403
166406
166407
166409
166412
166414
166429
166435
166438
166466
166487
166493
166541
166559
166561
166564
166571
166585
166587
166588
166597
166598
166609
166622
166627
166631
166655
166678
166703
166723
166739
166766
166781
166783
166799
166807
166814
166823
166843
166853
166867
166871
166909
166931
166942
166949
166967
166973
166979
166987
167017
167023
167039
167044
167047
167051
167081
167087
167099
167107
167117
167131
167149
167151
167173
167191
167194
167213
167234
167242
167249
167269
167317
167339
167341
167353
167378
167381
167393
167407
167413
167423
167437
167443
167449
167471
167474
167483
167491
167515
167529
167537
167546
167572
167611
167627
167666
167677
167683
167687
167711
167729
167759
167771
167777
167782
167801
167833
167848
167851
167861
167863
167866
167873
167878
167879
167887
167899
167903
167911
167917
167953
167966
167974
167987
167996
168013
168022
168023
168029
168034
168043
168059
168067
168071
168089
168106
168117
168118
168127
168151
168197
168242
168244
168247
168254
168262
168263
168269
168277
168281
168286
168331
168339
168353
168358
168362
168442
168449
168451
168457
168458
168479
168491
168494
168499
168503
168523
168524
168526
168527
168533
168551
168559
168571
168599
168601
168617
168626
168627
168629
168638
168643
168673
168711
168719
168737
168743
168754
168801
168802
168803
168835
168863
168874
168886
168899
168901
168913
168926
168937
168943
168962
168979
169003
169007
169009
169018
169019
169045
169049
169063
169066
169069
169079
169097
169102
169111
169112
169118
169129
169151
169181
169199
169203
169249
169255
169258
169259
169311
169318
169319
169327
169339
169343
169359
169361
169369
169394
169399
169409
169426
169427
169457
169459
169462
169465
169483
169501
169511
169522
169523
169527
169531
169553
169559
169586
169593
169607
169615
169627
169637
169657
169693
169703
169714
169723
169732
169733
169751
169753
169769
169783
169791
169817
169823
169826
169831
169843
169859
169879
169889
169894
169909
169934
169937
169943
169957
169958
169963
169969
169987
169991
169996
170003
170021
170029
170054
170057
170081
170099
170111
170119
170122
170123
170133
170139
170141
170155
170167
170179
170182
170189
170197
170213
170227
170231
170239
170243
170249
170263
170267
170273
170279
170297
170301
170322
170327
170341
170363
170369
170371
170383
170386
170398
170413
170423
170437
170447
170473
170483
170486
170494
170497
170503
170509
170537
170539
170551
170579
170587
170609
170627
170633
170666
170669
170671
170701
170705
170707
170708
170711
170722
170726
170733
170743
170759
170761
170762
170767
170787
170809
170822
170827
170831
170843
170871
170873
170878
170921
170927
170953
170999
171013
171023
171047
171049
171053
171062
171079
171098
171103
171142
171148
171154
171161
171163
171167
171177
171202
171203
171233
171238
171253
171286
171295
171299
171317
171319
171329
171338
171341
171383
171393
171401
171415
171426
171427
171429
171439
171443
171449
171467
171469
171473
171485
171517
171529
171539
171541
171583
171586
171617
171629
171641
171642
171653
171662
171669
171671
171673
171679
171793
171818
171929
171971
172001
172009
172021
172027
172031
172058
172079
172093
172101
172133
172138
172153
172157
172169
172171
172181
172191
172199
172222
172223
172243
172259
172279
172297
172307
172321
172331
172343
172357
172366
172373
172411
172412
172421
172433
172439
172451
172478
172486
172489
172493
172511
172519
172541
172553
172573
172574
172582
172589
172597
172607
172609
172619
172643
172663
172681
172682
172709
172717
172751
172762
172787
172829
172846
172849
172853
172859
172867
172871
172877
172933
172969
172987
173018
173023
173039
173059
173078
173081
173087
173091
173099
173137
173141
173149
173157
173189
173191
173207
173209
173211
173219
173245
173249
173263
173273
173291
173323
173347
173354
173359
173373
173409
173429
173431
173438
173447
173458
173543
173549
173647
173651
173659
173686
173687
173699
173702
173729
173743
173773
173779
173783
173821
173827
173846
173861
173867
173891
173902
173917
173923
173977
173981
173993
174017
174019
174026
174047
174061
174074
174079
174091
174121
174142
174166
174184
174206
174214
174221
174238
174257
174263
174292
174299
174331
174347
174358
174359
174362
174403
174431
174443
174446
174457
174459
174467
174481
174487
174491
174533
174562
174599
174631
174633
174634
174649
174659
174673
174687
174711
174718
174719
174737
174749
174758
174761
174773
174787
174817
174829
174839
174857
174859
174886
174893
174907
174929
174931
174959
174989
174991
175039
175061
175067
175069
175081
175082
175094
175114
175115
175129
175151
175174
175178
175223
175229
175246
175258
175259
175262
175277
175282
175295
175303
175323
175327
175337
175342
175358
175361
175366
175379
175402
175403
175411
175415
175433
175438
175447
175463
175478
175486
175499
175502
175506
175519
175523
175543
175555
175573
175583
175586
175594
175622
175633
175649
175663
175667
175673
175687
175691
175699
175701
175709
175727
175738
175739
175753
175757
175762
175783
175803
175811
175829
175834
175837
175853
175859
175867
175873
175876
175918
175919
175922
175937
175948
175949
175963
175979
175988
175991
175993
176014
176017
176021
176037
176041
176047
176051
176053
176063
176074
176087
176089
176097
176101
176123
176129
176133
176153
176158
176161
176167
176179
176191
176207
176212
176213
176237
176243
176258
176261
176279
176284
176285
176287
176289
176299
176303
176313
176317
176321
176329
176333
176334
176338
176347
176354
176357
176369
176383
176387
176389
176413
176417
176419
176422
176431
176459
176467
176471
176482
176489
176497
176507
176518
176521
176522
176533
176549
176551
176557
176573
176591
176593
176599
176602
176609
176623
176635
176636
176651
176677
176684
176699
176723
176727
176741
176747
176756
176758
176761
176791
176794
176807
176809
177239
177257
177319
177323
177379
177431
177447
177487
177539
177553
177601
177602
177659
177731
177761
177791
177794
177799
177827
177839
177887
177907
177917
177929
177949
177953
177967
177979
177994
178037
178039
178042
178131
178141
178151
178187
178207
178231
178247
178259
178289
178307
178329
178349
178397
178403
178439
178468
178469
178513
178531
178559
178567
178603
178606
178613
178627
178639
178643
178671
178681
178697
178726
178799
178807
178813
178826
178831
178834
178853
178859
178877
178887
178889
178903
178907
178909
178933
178951
178954
178973
178987
179002
179021
179033
179051
179057
179083
179099
179134
179143
179147
179161
179167
179203
179222
179237
179241
179243
179281
179287
179293
179306
179317
179318
179327
179329
179357
179369
179378
179437
179461
179471
179506
179518
179519
179527
179533
179548
179549
179558
179563
179566
179579
179581
179591
179593
179594
179618
179633
179638
179642
179651
179657
179659
179681
179687
179689
179693
179717
179719
179734
179737
179743
179749
179798
179803
179807
179813
179819
179821
179836
179845
179849
179871
179897
179899
179903
179909
179923
179939
179947
179953
179957
179965
179966
179969
179989
180001
180007
180014
180022
180043
180046
180053
180062
180071
180073
180106
180131
180146
180161
180174
180179
180197
180211
180214
180221
180233
180239
180247
180259
180263
180287
180289
180298
180307
180317
180326
180331
180337
180361
180365
180371
180391
180394
180407
180413
180417
180437
180473
180476
180491
180497
180503
180507
180511
180539
180547
180569
181283
181361
181457
181459
181607
181619
181669
181739
181751
181763
181813
181889
181919
181927
181997
182018
182089
182099
182123
182159
182167
182278
182279
182318
182387
182389
182417
182423
182447
182471
182489
182519
182549
182579
182593
182594
182599
182603
182627
182657
182659
182711
182773
182803
182813
182839
182857
182887
182899
182921
182927
182957
182969
182998
182999
183349
183383
183389
183487
183523
183587
183661
183683
183713
183797
183823
183871
183902
183919
183979
183994
184001
184003
184007
184018
184039
184043
184066
184087
184123
184133
184211
184273
184333
184369
184378
184397
184417
184447
184463
184487
184511
184523
184537
184559
184571
184588
184607
184609
184627
184631
184669
184703
184727
184733
184753
184831
184859
184879
184913
184967
184969
184978
184997
184999
185021
185027
185063
185069
185071
185089
185114
185131
185162
185233
185253
185293
185303
185314
185323
185327
185359
185363
185371
185396
185467
185477
185483
185519
185527
185529
185533
185534
185551
185578
185583
185651
185677
185683
185693
185699
185711
185714
185729
185734
185737
185747
185789
185849
185893
185902
185903
185917
185947
185957
185963
186023
186037
186041
186071
186119
186149
186154
186159
186178
186211
186213
186227
186229
186239
186262
186271
186301
186311
186391
186393
186398
186411
186419
186437
186469
186478
186479
186514
186551
186556
186562
186569
186581
186583
186587
186619
186629
186653
186689
186701
186709
186727
186757
186763
186766
186773
186814
186838
186869
186877
186883
186892
186917
186929
186959
186962
186974
187009
187041
187043
187045
187046
187067
187073
187081
187091
187127
187129
187133
187141
187171
187189
187193
187199
187214
187217
187219
187237
187247
187249
187251
187258
187259
187263
187273
187274
187276
187277
187315
187349
187379
187387
187393
187409
187423
187433
187438
187463
187469
187471
187477
187478
187507
187513
187521
187522
187526
187547
187559
187597
187617
187631
187633
187637
187687
187699
187711
187721
187732
187751
187753
187763
187787
187811
187822
187835
187861
187871
187879
187883
187895
187907
187919
187931
187934
187958
187966
187973
188014
188059
188093
188107
188114
188143
188147
188159
188171
188183
188229
188249
188261
188281
188285
188291
188311
188317
188359
188369
188389
188407
188417
188443
188459
188473
188483
188488
188491
188519
188527
188603
188633
188653
188662
188681
188707
188711
188758
188798
188817
188827
188833
188854
188866
188884
188891
188911
188926
188927
188953
188957
188961
188966
188999
189011
189017
189019
189047
189061
189067
189082
189093
189118
189127
189139
189146
189149
189177
189186
189187
189188
189199
189223
189236
189237
189239
189251
189253
189257
189298
189302
189307
189353
189361
189373
189374
189377
189389
189391
189401
189407
189418
189419
189437
189439
189443
189463
189467
189479
189491
189493
189509
189517
189529
189547
189562
189578
189593
189599
189613
189617
189619
189628
189653
189671
189691
189694
189697
189698
189701
189713
189733
189743
189767
189778
189797
189799
189809
189817
189823
189851
189866
189881
189887
189897
189922
189939
189947
189951
189961
189967
189977
189986
189989
189997
190006
190027
190031
190042
190126
190129
190142
190147
190159
190166
190173
190174
190181
190207
190243
190249
190271
190283
190286
190297
190331
190339
190364
190367
190387
190391
190403
190409
190426
190453
190469
190471
190492
190507
190523
190537
190546
190558
190577
190583
190591
190607
190613
190614
190621
190622
190633
190639
190649
190669
190677
190699
190709
190711
190717
190753
190763
190767
190769
190783
190786
190793
190823
190826
190829
190831
190837
190838
190871
190889
190891
190903
190909
190913
190937
190942
190943
190958
190979
190989
190997
191011
191021
191033
191047
191077
191089
191091
191099
191119
191122
191123
191131
191141
191155
191159
191189
191206
191222
191227
191236
191237
191238
191242
191249
191258
191281
191283
191297
191299
191339
191341
191348
191357
191379
191397
191399
191413
191428
191431
191435
191441
191446
191447
191449
191459
191461
191467
191473
191494
191497
191507
191519
191531
191533
191537
191551
191566
191571
191602
191612
191627
191644
191657
191665
191689
191693
191699
191707
191717
191747
191773
191803
191827
191831
191833
191834
191837
191846
191847
191857
191858
191897
191899
191903
191911
191918
191929
191963
191969
191974
191999
192002
192013
192029
192037
192043
192053
192086
192097
192103
192116
192121
192149
192161
192163
192173
192187
192191
192239
192251
192259
192263
192293
192307
192314
192319
192323
192343
192359
192377
192383
192433
192457
192461
192463
192471
192484
192497
192518
192526
192529
192539
192547
192553
192557
192571
192578
192581
192583
192586
192587
192611
192613
192617
192629
192651
192662
192667
192677
192711
192743
192757
192761
192799
192802
192811
192827
192833
192837
192838
192853
192877
192883
192884
192887
192889
192891
192902
192909
192917
192949
192956
192958
192977
192981
192991
193003
193009
193013
193019
193033
193034
193043
193057
193073
193087
193093
193106
193133
193143
193147
193174
193178
193181
193183
193189
193196
193229
193261
193271
193283
193299
193321
193327
193337
193342
193367
193373
193379
193385
193399
193406
193412
193433
193447
193451
193462
193463
193469
193474
193478
193493
193498
193513
193541
193547
193549
193565
193566
193577
193603
193607
193619
193636
193642
193646
193654
193703
193723
193741
193793
193799
193811
193813
193814
193827
193841
193847
193859
193871
193883
193891
193892
193903
193943
193951
193979
193993
194002
194014
194027
194057
194071
194077
194078
194083
194087
194101
194113
194132
194137
194149
194171
194197
194203
194219
194263
194267
194269
194302
194338
194339
194349
194407
194413
194417
194431
194433
194444
194451
194455
194479
194543
194569
194578
194591
194609
194613
194637
194639
194644
194646
194653
194659
194681
194683
194687
194707
194723
194729
194749
194758
194762
194763
194771
194774
194811
194813
194839
194867
194869
194906
194907
194911
194917
194918
194927
194963
194989
195023
195029
195043
195046
195071
195077
195089
195103
195106
195121
195127
195131
195137
195142
195154
195158
195163
195179
195193
195197
195203
195213
195221
195226
195227
195235
195253
195259
195277
195281
195289
195292
195298
195317
195319
195329
195333
195346
195353
195357
195359
195373
195374
195389
195401
195407
195413
195422
195423
195457
195467
195487
195493
195539
195549
195565
195571
195581
195599
195629
195659
195667
195682
195686
195691
195694
195697
195709
195722
195726
195727
195731
195733
195737
195742
195751
195758
195781
195784
195787
195798
195815
195854
195883
195887
195907
195917
195927
195929
195931
195957
195967
195971
195974
195977
195989
195991
195997
196033
196034
196039
196051
196059
196113
196124
196162
196171
196181
196187
196193
196195
196201
196211
196219
196221
196247
196253
196269
196271
196277
196286
196291
196302
196303
196307
196331
196333
196341
196358
196363
196379
196387
196393
196397
196402
196409
196429
196433
196437
196439
196453
196459
196499
196501
196502
196514
196519
196538
196543
196583
196597
196598
196621
196626
196642
196643
196646
196661
196663
196699
196709
196717
196727
196738
196739
196751
196761
196771
196796
196817
196822
196831
196837
196838
196853
196871
196873
196899
196901
196906
196946
196958
196961
196991
197003
197009
197023
197033
197053
197059
197063
197077
197083
197095
197117
197126
197137
197139
197147
197149
197151
197159
197189
197199
197207
197215
197233
197257
197261
197273
197278
197283
197293
197299
197311
197321
197326
197339
197347
197359
197381
197399
197419
197422
197423
197426
197441
197453
197462
197466
197476
197479
197489
197493
197502
197507
197511
197521
197531
197539
197551
197573
197597
197599
197609
197614
197627
197651
197677
197683
197689
197697
197698
197699
197711
197713
197716
197726
197734
197738
197741
197763
197773
197786
197797
197803
197818
197822
197831
197837
197845
197853
197878
197887
197893
197921
197927
197933
197947
197958
197959
197971
197986
197998
198043
198047
198073
198082
198091
198097
198103
198109
198111
198127
198139
198166
198173
198188
198196
198197
198206
198223
198239
198251
198257
198262
198266
198281
198293
198301
198323
198327
198337
198347
198371
198377
198391
198413
198426
198437
198438
198439
198449
198461
198463
198479
198491
198502
198503
198507
198533
198545
198553
198589
198593
198595
198613
198623
198634
198635
198637
198641
198647
198652
198659
198673
198689
198701
198719
198733
198734
198742
198769
198794
198799
198802
198811
198817
198823
198827
198829
198833
198841
198844
198862
198899
198929
198937
198941
198943
198959
198967
198974
198983
199007
199011
199039
199054
199061
199618
199739
199741
199751
199783
199853
199909
